5
10
15
20
25
30
35
40
45
50
55
60
65
70
75
80
85
90
95
100
0
0
0
0
0
0
0
0
0
0.0010024
0
0
0
0
0
0.0009912
0
0
0
0.0009928
1.912248E-12
1.065814E-14
2.309264E-14
2.415845E-13
4.263256E-13
2.700062E-13
2.4869E-13
1.705303E-13
4.192202E-13
4.263256E-13
1.257661E-12
4.121148E-13
2.728484E-12
2.152944E-12
1.200817E-12
1.236344E-12
7.389644E-13
8.81073E-13
6.856737E-13
1.314504E-12
85
595
1905
4390
8425
14385
22645
33580
47565
64975
86185
111570
141505
176365
216525
262360
314245
372555
437665
509950
41
333
1125
2666
5208
9000
14291
21333
30375
41666
55458
72000
91541
114333
140625
170666
204708
243000
285791
333333
