5
10
15
20
25
30
35
40
45
50
55
60
65
70
75
80
85
90
95
100
0
0
0
0
0
0
0
0
0.000999
0
0.0010265
0.0009993
0.001
0.0010006
0
0
0.0009978
0.0010006
0.000999
0.001044
0
0
0
0
0
0
0
0
0
0
0
0.0010348
0.0010003
0
0.0009713
0
0.001005
0.0009999
0.0010004
0.0015517
6.028708E-15
6.033646E-15
1.009183E-14
6.335359E-15
9.683597E-15
1.119718E-14
7.761395E-15
6.885678E-15
2.12521E-14
8.208108E-15
1.111893E-14
8.992492E-15
7.605311E-15
1.000881E-14
1.029319E-14
9.68733E-15
1.228627E-14
9.837549E-15
1.197009E-14
1.06175E-14
2.011383E-15
2.017864E-14
5.42952E-15
8.334721E-15
5.822397E-15
5.690357E-15
8.82157E-15
8.411638E-15
6.8032E-15
7.155228E-15
8.836741E-15
8.726064E-15
7.692216E-15
1.051179E-14
1.211736E-14
1.051532E-14
1.011306E-14
5.504202E-14
8.872497E-15
2.555502E-14
155
1285
4390
10470
20525
35555
56560
84540
120495
165425
220330
286210
364065
454895
559700
679480
815235
967965
1138670
1328350
145
1090
3585
8380
16225
27870
44065
65560
93105
127450
169345
219540
278785
347830
427425
518320
621265
737010
866305
1009900
125
1000
3375
8000
15625
27000
42875
64000
91125
125000
166375
216000
274625
343000
421875
512000
614125
729000
857375
1000000
